 0.000 	 0.000 	 0.000 	 0.000 	 0.000 	 0.000 	 0.000 	 0.000 	 0.000 	 0.000 	 0.000 	 0.000 	 0.000 	 0.000 	 0.000 	 0.000 	 0.000 	 0.000 	 0.000 	 0.000 	 0.000 	 0.000 	 0.000 	 0.000 	 0.000 	 0.000 	 0.000 	 0.000 	 0.000 	 0.000 	 0.000 	 0.000 	 0.000 	 0.000 	 0.000 	 0.000 	 0.000 	 0.000 	 0.000 	 0.000 	 0.000 	 0.000 	 0.000 	 0.000 	 0.000 	 0.000 	 0.000 	 0.000 	 0.000 	 0.000 	 0.000 	 0.000 	 0.000 	 0.000 	 0.000 	 0.000 	 0.000 	 0.000 	 0.000 	 0.000 	
 0.000 	 0.000 	 0.000 	 0.000 	 0.000 	 0.000 	 0.000 	 0.000 	 0.000 	 0.000 	 0.000 	 0.000 	 0.000 	 0.000 	 0.000 	 0.000 	 0.000 	 0.000 	 0.000 	 0.000 	 0.000 	 0.000 	 0.000 	 0.000 	 0.000 	 0.000 	 0.000 	 0.000 	 0.000 	 0.000 	 0.000 	 0.000 	 0.000 	 0.000 	 0.000 	 0.000 	 0.000 	 0.000 	 0.000 	 0.000 	 0.000 	 0.000 	 0.000 	 0.000 	 0.000 	 0.000 	 0.000 	 0.000 	 0.000 	 0.000 	 0.000 	 0.000 	 0.000 	 0.000 	 0.000 	 0.000 	 0.000 	 0.000 	 0.000 	 0.000 	
 0.000 	 0.000 	 0.000 	 0.000 	 0.000 	 0.000 	 0.000 	 0.000 	 0.000 	 0.000 	 0.000 	 0.000 	 0.000 	 0.000 	 0.000 	 0.000 	 0.000 	 0.000 	 0.000 	 0.000 	 0.000 	 0.000 	 0.000 	 0.000 	 0.000 	 0.000 	 0.000 	 0.000 	 0.000 	 0.000 	 0.000 	 0.000 	 0.000 	 0.000 	 0.000 	 0.000 	 0.000 	 0.000 	 0.000 	 0.000 	 0.000 	 0.000 	 0.000 	 0.000 	 0.000 	 0.000 	 0.000 	 0.000 	 0.000 	 0.000 	 0.000 	 0.000 	 0.000 	 0.000 	 0.000 	 0.000 	 0.000 	 0.000 	 0.000 	 0.000 	
 0.000 	 0.000 	 0.000 	 0.000 	 0.000 	 0.000 	 0.000 	 0.000 	 0.000 	 0.000 	 0.000 	 0.000 	 0.000 	 0.000 	 0.000 	 0.000 	 0.000 	 0.000 	 0.000 	 0.000 	 0.000 	 0.000 	 0.000 	 0.000 	 0.000 	 0.000 	 0.000 	 0.000 	 0.000 	 0.000 	 0.000 	 0.000 	 0.000 	 0.000 	 0.000 	 0.000 	 0.000 	 0.000 	 0.000 	 0.000 	 0.000 	 0.000 	 0.000 	 0.000 	 0.000 	 0.000 	 0.000 	 0.000 	 0.000 	 0.000 	 0.000 	 0.000 	 0.000 	 0.000 	 0.000 	 0.000 	 0.000 	 0.000 	 0.000 	 0.000 	
 0.000 	 0.000 	 0.000 	 0.000 	 0.000 	 0.000 	 0.000 	 0.000 	 0.000 	 0.000 	 0.000 	 0.000 	 0.000 	 0.000 	 0.000 	 0.000 	 0.000 	 0.000 	 0.000 	 0.000 	 0.000 	 0.000 	 0.000 	 0.000 	 0.000 	 0.000 	 0.000 	 0.000 	 0.000 	 0.000 	 0.000 	 0.000 	 0.000 	 0.000 	 0.000 	 0.000 	 0.000 	 0.000 	 0.000 	 0.000 	 0.000 	 0.000 	 0.000 	 0.000 	 0.000 	 0.000 	 0.000 	 0.000 	 0.000 	 0.000 	 0.000 	 0.000 	 0.000 	 0.000 	 0.000 	 0.000 	 0.000 	 0.000 	 0.000 	 0.000 	
 0.000 	 0.000 	 0.000 	 0.000 	 0.000 	 0.000 	 0.000 	 0.000 	 0.000 	 0.000 	 0.000 	 0.000 	 0.000 	 0.000 	 0.000 	 0.000 	 0.000 	 0.000 	 0.000 	 0.000 	 0.000 	 0.000 	 0.000 	 0.000 	 0.000 	 0.000 	 0.000 	 0.000 	 0.000 	 0.000 	 0.000 	 0.000 	 0.000 	 0.000 	 0.000 	 0.000 	 0.000 	 0.000 	 0.000 	 0.000 	 0.000 	 0.000 	 0.000 	 0.000 	 0.000 	 0.000 	 0.000 	 0.000 	 0.000 	 0.000 	 0.000 	 0.000 	 0.000 	 0.000 	 0.000 	 0.000 	 0.000 	 0.000 	 0.000 	 0.000 	
 0.000 	 0.000 	 0.000 	 0.000 	 0.000 	 0.000 	 0.000 	 0.000 	 0.000 	 0.000 	 0.000 	 0.000 	 0.000 	 0.000 	 0.000 	 0.000 	 0.000 	 0.000 	 0.000 	 0.000 	 0.000 	 0.000 	 0.000 	 0.000 	 0.000 	 0.000 	 0.000 	 0.000 	 0.000 	 0.000 	 0.000 	 0.000 	 0.000 	 0.000 	 0.000 	 0.000 	 0.000 	 0.000 	 0.000 	 0.000 	 0.000 	 0.000 	 0.000 	 0.000 	 0.000 	 0.000 	 0.000 	 0.000 	 0.000 	 0.000 	 0.000 	 0.000 	 0.000 	 0.000 	 0.000 	 0.000 	 0.000 	 0.000 	 0.000 	 0.000 	
 0.000 	 0.000 	 0.000 	 0.000 	 0.000 	 0.000 	 0.000 	 0.000 	 0.000 	 0.000 	 0.000 	 0.000 	 0.000 	 0.000 	 0.000 	 0.000 	 0.000 	 0.000 	 0.000 	 0.000 	 0.000 	 0.000 	 0.000 	 0.000 	 0.000 	 0.000 	 0.000 	 0.000 	 0.000 	 0.000 	 0.000 	 0.000 	 0.000 	 0.000 	 0.000 	 0.000 	 0.000 	 0.000 	 0.000 	 0.000 	 0.000 	 0.000 	 0.000 	 0.000 	 0.000 	 0.000 	 0.000 	 0.000 	 0.000 	 0.000 	 0.000 	 0.000 	 0.000 	 0.000 	 0.000 	 0.000 	 0.000 	 0.000 	 0.000 	 0.000 	
 0.000 	 0.000 	 0.000 	 0.000 	 0.000 	 0.000 	 0.000 	 0.000 	 0.000 	 0.000 	 0.000 	 0.000 	 0.000 	 0.000 	 0.000 	 0.000 	 0.000 	 0.000 	 0.000 	 0.000 	 0.000 	 0.000 	 0.000 	 0.000 	 0.000 	 0.000 	 0.000 	 0.000 	 0.000 	 0.000 	 0.000 	 0.000 	 0.000 	 0.000 	 0.000 	 0.000 	 0.000 	 0.000 	 0.000 	 0.000 	 0.000 	 0.000 	 0.000 	 0.000 	 0.000 	 0.000 	 0.000 	 0.000 	 0.000 	 0.000 	 0.000 	 0.000 	 0.000 	 0.000 	 0.000 	 0.000 	 0.000 	 0.000 	 0.000 	 0.000 	
 0.000 	 0.000 	 0.000 	 0.000 	 0.000 	 0.000 	 0.000 	 0.000 	 0.000 	 0.000 	 0.000 	 0.000 	 0.000 	 0.000 	 0.000 	 0.000 	 0.000 	 0.000 	 0.000 	 0.000 	 0.000 	 0.000 	 0.000 	 0.000 	 0.000 	 0.000 	 0.000 	 0.000 	 0.000 	 0.000 	 0.000 	 0.000 	 0.000 	 0.000 	 0.000 	 0.000 	 0.000 	 0.000 	 0.000 	 0.000 	 0.000 	 0.000 	 0.000 	 0.000 	 0.000 	 0.000 	 0.000 	 0.000 	 0.000 	 0.000 	 0.000 	 0.000 	 0.000 	 0.000 	 0.000 	 0.000 	 0.000 	 0.000 	 0.000 	 0.000 	
 0.000 	 0.000 	 0.000 	 0.000 	 0.000 	 0.000 	 0.000 	 0.000 	 0.000 	 0.000 	 0.000 	 0.000 	 0.000 	 0.000 	 0.000 	 0.000 	 0.000 	 0.000 	 0.000 	 0.000 	 0.000 	 0.000 	 0.000 	 0.000 	 0.000 	 0.000 	 0.000 	 0.000 	 0.000 	 0.000 	 0.000 	 0.000 	 0.000 	 0.000 	 0.000 	 0.000 	 0.000 	 0.000 	 0.000 	 0.000 	 0.000 	 0.000 	 0.000 	 0.000 	 0.000 	 0.000 	 0.000 	 0.000 	 0.000 	 0.000 	 0.000 	 0.000 	 0.000 	 0.000 	 0.000 	 0.000 	 0.000 	 0.000 	 0.000 	 0.000 	
 0.000 	 0.000 	 0.000 	 0.000 	 0.000 	 0.000 	 0.000 	 0.000 	 0.000 	 0.000 	 0.000 	 0.000 	 0.000 	 0.000 	 0.000 	 0.000 	 0.000 	 0.000 	 0.000 	 0.000 	 0.000 	 0.000 	 0.000 	 0.000 	 0.000 	 0.000 	 0.000 	 0.000 	 0.000 	 0.000 	 0.000 	 0.000 	 0.000 	 0.000 	 0.000 	 0.000 	 0.000 	 0.000 	 0.000 	 0.000 	 0.000 	 0.000 	 0.000 	 0.000 	 0.000 	 0.000 	 0.000 	 0.000 	 0.000 	 0.000 	 0.000 	 0.000 	 0.000 	 0.000 	 0.000 	 0.000 	 0.000 	 0.000 	 0.000 	 0.000 	
 0.000 	 0.000 	 0.000 	 0.000 	 0.000 	 0.000 	 0.000 	 0.000 	 0.000 	 0.000 	 0.000 	 0.000 	 0.000 	 0.000 	 0.000 	 0.000 	 0.000 	 0.000 	 0.000 	 0.000 	 0.000 	 0.000 	 0.000 	 0.000 	 0.000 	 0.000 	 0.000 	 0.000 	 0.000 	 0.000 	 0.000 	 0.000 	 0.000 	 0.000 	 0.000 	 0.000 	 0.000 	 0.000 	 0.000 	 0.000 	 0.000 	 0.000 	 0.000 	 0.000 	 0.000 	 0.000 	 0.000 	 0.000 	 0.000 	 0.000 	 0.000 	 0.000 	 0.000 	 0.000 	 0.000 	 0.000 	 0.000 	 0.000 	 0.000 	 0.000 	
 0.000 	 0.000 	 0.000 	 0.000 	 0.000 	 0.000 	 0.000 	 0.000 	 0.000 	 0.000 	 0.000 	 0.000 	 0.000 	 0.000 	 0.000 	 0.000 	 0.000 	 0.000 	 0.000 	 0.000 	 0.000 	 0.000 	 0.000 	 0.000 	 0.000 	 0.000 	 0.000 	 0.000 	 0.000 	 0.000 	 0.000 	 0.000 	 0.000 	 0.000 	 0.000 	 0.000 	 0.000 	 0.000 	 0.000 	 0.000 	 0.000 	 0.000 	 0.000 	 0.000 	 0.000 	 0.000 	 0.000 	 0.000 	 0.000 	 0.000 	 0.000 	 0.000 	 0.000 	 0.000 	 0.000 	 0.000 	 0.000 	 0.000 	 0.000 	 0.000 	
 0.000 	 0.000 	 0.000 	 0.000 	 0.000 	 0.000 	 0.000 	 0.000 	 0.000 	 0.000 	 0.000 	 0.000 	 0.000 	 0.000 	 0.000 	 0.000 	 0.000 	 0.000 	 0.000 	 0.000 	 0.000 	 0.000 	 0.000 	 0.000 	 0.000 	 0.000 	 0.000 	 0.000 	 0.000 	 0.000 	 0.000 	 0.000 	 0.000 	 0.000 	 0.000 	 0.000 	 0.000 	 0.000 	 0.000 	 0.000 	 0.000 	 0.000 	 0.000 	 0.000 	 0.000 	 0.000 	 0.000 	 0.000 	 0.000 	 0.000 	 0.000 	 0.000 	 0.000 	 0.000 	 0.000 	 0.000 	 0.000 	 0.000 	 0.000 	 0.000 	
 0.000 	 0.000 	 0.000 	 0.000 	 0.000 	 0.000 	 0.000 	 0.000 	 0.000 	 0.000 	 0.000 	 0.000 	 0.000 	 0.000 	 0.000 	 0.000 	 0.000 	 0.000 	 0.000 	 0.000 	 0.000 	 0.000 	 0.000 	 0.000 	 0.000 	 0.000 	 0.000 	 0.000 	 0.000 	 0.000 	 0.000 	 0.000 	 0.000 	 0.000 	 0.000 	 0.000 	 0.000 	 0.000 	 0.000 	 0.000 	 0.000 	 0.000 	 0.000 	 0.000 	 0.000 	 0.000 	 0.000 	 0.000 	 0.000 	 0.000 	 0.000 	 0.000 	 0.000 	 0.000 	 0.000 	 0.000 	 0.000 	 0.000 	 0.000 	 0.000 	
 0.000 	 0.000 	 0.000 	 0.000 	 0.000 	 0.000 	 0.000 	 0.000 	 0.000 	 0.000 	 0.000 	 0.000 	 0.000 	 0.000 	 0.000 	 0.000 	 0.000 	 0.000 	 0.000 	 0.000 	 0.000 	 0.000 	 0.000 	 0.000 	 0.000 	 0.000 	 0.000 	 0.000 	 0.000 	 0.000 	 0.000 	 0.000 	 0.000 	 0.000 	 0.000 	 0.000 	 0.000 	 0.000 	 0.000 	 0.000 	 0.000 	 0.000 	 0.000 	 0.000 	 0.000 	 0.000 	 0.000 	 0.000 	 0.000 	 0.000 	 0.000 	 0.000 	 0.000 	 0.000 	 0.000 	 0.000 	 0.000 	 0.000 	 0.000 	 0.000 	
 0.000 	 0.000 	 0.000 	 0.000 	 0.000 	 0.000 	 0.000 	 0.000 	 0.000 	 0.000 	 0.000 	 0.000 	 0.000 	 0.000 	 0.000 	 0.000 	 0.000 	 0.000 	 0.000 	 0.000 	 0.000 	 0.000 	 0.000 	 0.000 	 0.000 	 0.000 	 0.000 	 0.000 	 0.000 	 0.000 	 0.000 	 0.000 	 0.000 	 0.000 	 0.000 	 0.000 	 0.000 	 0.000 	 0.000 	 0.000 	 0.000 	 0.000 	 0.000 	 0.000 	 0.000 	 0.000 	 0.000 	 0.000 	 0.000 	 0.000 	 0.000 	 0.000 	 0.000 	 0.000 	 0.000 	 0.000 	 0.000 	 0.000 	 0.000 	 0.000 	
 0.000 	 0.000 	 0.000 	 0.000 	 0.000 	 0.000 	 0.000 	 0.000 	 0.000 	 0.000 	 0.000 	 0.000 	 0.000 	 0.000 	 0.000 	 0.000 	 0.000 	 0.000 	 0.000 	 0.000 	 0.000 	 0.000 	 0.000 	 0.000 	 0.000 	 0.000 	 0.000 	 0.000 	 0.000 	 0.000 	 0.000 	 0.000 	 0.000 	 0.000 	 0.000 	 0.000 	 0.000 	 0.000 	 0.000 	 0.000 	 0.000 	 0.000 	 0.000 	 0.000 	 0.000 	 0.000 	 0.000 	 0.000 	 0.000 	 0.000 	 0.000 	 0.000 	 0.000 	 0.000 	 0.000 	 0.000 	 0.000 	 0.000 	 0.000 	 0.000 	
 0.000 	 0.000 	 0.000 	 0.000 	 0.000 	 0.000 	 0.000 	 0.000 	 0.000 	 0.000 	 0.000 	 0.000 	 0.000 	 0.000 	 0.000 	 0.000 	 0.000 	 0.000 	 0.000 	 0.000 	 0.000 	 0.000 	 0.000 	 0.000 	 0.000 	 0.000 	 0.000 	 0.000 	 0.000 	 0.000 	 0.000 	 0.000 	 0.000 	 0.000 	 0.000 	 0.000 	 0.000 	 0.000 	 0.000 	 0.000 	 0.000 	 0.000 	 0.000 	 0.000 	 0.000 	 0.000 	 0.000 	 0.000 	 0.000 	 0.000 	 0.000 	 0.000 	 0.000 	 0.000 	 0.000 	 0.000 	 0.000 	 0.000 	 0.000 	 0.000 	
 0.000 	 0.000 	 0.000 	 0.000 	 0.000 	 0.000 	 0.000 	 0.000 	 0.000 	 0.000 	 0.000 	 0.000 	 0.000 	 0.000 	 0.000 	 0.000 	 0.000 	 0.000 	 0.000 	 0.000 	 0.000 	 0.000 	 0.000 	 0.000 	 0.000 	 0.000 	 0.000 	 0.000 	 0.000 	 0.000 	 0.000 	 0.000 	 0.000 	 0.000 	 0.000 	 0.000 	 0.000 	 0.000 	 0.000 	 0.000 	 0.000 	 0.000 	 0.000 	 0.000 	 0.000 	 0.000 	 0.000 	 0.000 	 0.000 	 0.000 	 0.000 	 0.000 	 0.000 	 0.000 	 0.000 	 0.000 	 0.000 	 0.000 	 0.000 	 0.000 	
 0.000 	 0.000 	 0.000 	 0.000 	 0.000 	 0.000 	 0.000 	 0.000 	 0.000 	 0.000 	 0.000 	 0.000 	 0.000 	 0.000 	 0.000 	 0.000 	 0.000 	 0.000 	 0.000 	 0.000 	 0.000 	 0.000 	 0.000 	 0.000 	 0.000 	 0.000 	 0.000 	 0.000 	 0.000 	 0.000 	 0.000 	 0.000 	 0.000 	 0.000 	 0.000 	 0.000 	 0.000 	 0.000 	 0.000 	 0.000 	 0.000 	 0.000 	 0.000 	 0.000 	 0.000 	 0.000 	 0.000 	 0.000 	 0.000 	 0.000 	 0.000 	 0.000 	 0.000 	 0.000 	 0.000 	 0.000 	 0.000 	 0.000 	 0.000 	 0.000 	
 0.000 	 0.000 	 0.000 	 0.000 	 0.000 	 0.000 	 0.000 	 0.000 	 0.000 	 0.000 	 0.000 	 0.000 	 0.000 	 0.000 	 0.000 	 0.000 	 0.000 	 0.000 	 0.000 	 0.000 	 0.000 	 0.000 	 0.000 	 0.000 	 0.000 	 0.000 	 0.000 	 0.000 	 0.000 	-0.000 	 0.000 	 0.000 	 0.000 	 0.000 	 0.000 	 0.000 	 0.000 	 0.000 	 0.000 	 0.000 	 0.000 	 0.000 	 0.000 	 0.000 	 0.000 	 0.000 	 0.000 	 0.000 	 0.000 	 0.000 	 0.000 	 0.000 	 0.000 	 0.000 	 0.000 	 0.000 	 0.000 	 0.000 	 0.000 	 0.000 	
 0.000 	 0.000 	 0.000 	 0.000 	 0.000 	 0.000 	 0.000 	 0.000 	 0.000 	 0.000 	 0.000 	 0.000 	 0.000 	 0.000 	 0.000 	 0.000 	 0.000 	 0.000 	 0.000 	 0.000 	 0.000 	 0.000 	 0.000 	 0.000 	 0.000 	 0.000 	 0.000 	 0.000 	 0.000 	-0.000 	 0.000 	 0.000 	 0.000 	 0.000 	 0.000 	 0.000 	 0.000 	 0.000 	 0.000 	 0.000 	 0.000 	 0.000 	 0.000 	 0.000 	 0.000 	 0.000 	 0.000 	 0.000 	 0.000 	 0.000 	 0.000 	 0.000 	 0.000 	 0.000 	 0.000 	 0.000 	 0.000 	 0.000 	 0.000 	 0.000 	
 0.000 	 0.000 	 0.000 	 0.000 	 0.000 	 0.000 	 0.000 	 0.000 	 0.000 	 0.000 	 0.000 	 0.000 	 0.000 	 0.000 	 0.000 	 0.000 	 0.000 	 0.000 	 0.000 	 0.000 	 0.000 	 0.000 	 0.000 	 0.000 	 0.000 	 0.000 	 0.000 	-0.000 	 0.000 	-0.000 	 0.001 	 0.000 	 0.000 	 0.000 	 0.000 	 0.000 	 0.000 	 0.000 	 0.000 	 0.000 	 0.000 	 0.000 	 0.000 	 0.000 	 0.000 	 0.000 	 0.000 	 0.000 	 0.000 	 0.000 	 0.000 	 0.000 	 0.000 	 0.000 	 0.000 	 0.000 	 0.000 	 0.000 	 0.000 	 0.000 	
 0.000 	 0.000 	 0.000 	 0.000 	 0.000 	 0.000 	 0.000 	 0.000 	 0.000 	 0.000 	 0.000 	 0.000 	 0.000 	 0.000 	 0.000 	 0.000 	 0.000 	 0.000 	 0.000 	 0.000 	 0.000 	 0.000 	 0.000 	 0.000 	 0.000 	 0.000 	 0.000 	-0.000 	 0.001 	-0.003 	 0.005 	 0.000 	 0.000 	 0.000 	 0.000 	 0.000 	 0.000 	 0.000 	 0.000 	 0.000 	 0.000 	 0.000 	 0.000 	 0.000 	 0.000 	 0.000 	 0.000 	 0.000 	 0.000 	 0.000 	 0.000 	 0.000 	 0.000 	 0.000 	 0.000 	 0.000 	 0.000 	 0.000 	 0.000 	 0.000 	
 0.000 	 0.000 	 0.000 	 0.000 	 0.000 	 0.000 	 0.000 	 0.000 	 0.000 	 0.000 	 0.000 	 0.000 	 0.000 	 0.000 	 0.000 	 0.000 	 0.000 	 0.000 	 0.000 	 0.000 	 0.000 	 0.000 	 0.000 	 0.000 	 0.000 	-0.000 	 0.000 	-0.001 	 0.007 	-0.020 	 0.023 	 0.000 	 0.000 	 0.000 	 0.000 	 0.000 	 0.000 	 0.000 	 0.000 	 0.000 	 0.000 	 0.000 	 0.000 	 0.000 	 0.000 	 0.000 	 0.000 	 0.000 	 0.000 	 0.000 	 0.000 	 0.000 	 0.000 	 0.000 	 0.000 	 0.000 	 0.000 	 0.000 	 0.000 	 0.000 	
 0.000 	 0.000 	 0.000 	 0.000 	 0.000 	 0.000 	 0.000 	 0.000 	 0.000 	 0.000 	 0.000 	 0.000 	 0.000 	 0.000 	 0.000 	 0.000 	 0.000 	 0.000 	 0.000 	 0.000 	 0.000 	 0.000 	 0.000 	 0.000 	 0.000 	-0.000 	 0.001 	-0.008 	 0.031 	-0.070 	 0.069 	 0.000 	 0.000 	 0.000 	 0.000 	 0.000 	 0.000 	 0.000 	 0.000 	 0.000 	 0.000 	 0.000 	 0.000 	 0.000 	 0.000 	 0.000 	 0.000 	 0.000 	 0.000 	 0.000 	 0.000 	 0.000 	 0.000 	 0.000 	 0.000 	 0.000 	 0.000 	 0.000 	 0.000 	 0.000 	
 0.000 	 0.000 	 0.000 	 0.000 	 0.000 	 0.000 	 0.000 	 0.000 	 0.000 	 0.000 	 0.000 	 0.000 	 0.000 	 0.000 	 0.000 	 0.000 	 0.000 	 0.000 	 0.000 	 0.000 	 0.000 	 0.000 	 0.000 	-0.000 	 0.000 	-0.000 	 0.004 	-0.017 	 0.054 	-0.115 	 0.131 	 0.000 	 0.000 	 0.000 	 0.000 	 0.000 	 0.000 	 0.000 	 0.000 	 0.000 	 0.000 	 0.000 	 0.000 	 0.000 	 0.000 	 0.000 	 0.000 	 0.000 	 0.000 	 0.000 	 0.000 	 0.000 	 0.000 	 0.000 	 0.000 	 0.000 	 0.000 	 0.000 	 0.000 	 0.000 	
 0.000 	 0.000 	 0.000 	 0.000 	 0.000 	 0.000 	 0.000 	 0.000 	 0.000 	 0.000 	 0.000 	 0.000 	 0.000 	 0.000 	 0.000 	 0.000 	 0.000 	 0.000 	 0.000 	 0.000 	 0.000 	 0.000 	 0.000 	-0.000 	 0.000 	 0.000 	-0.003 	 0.016 	-0.024 	-0.054 	 0.189 	 0.000 	 0.000 	 0.000 	 0.000 	 0.000 	 0.000 	 0.000 	 0.000 	 0.000 	 0.000 	 0.000 	 0.000 	 0.000 	 0.000 	 0.000 	 0.000 	 0.000 	 0.000 	 0.000 	 0.000 	 0.000 	 0.000 	 0.000 	 0.000 	 0.000 	 0.000 	 0.000 	 0.000 	 0.000 	
 0.000 	 0.000 	 0.000 	 0.000 	 0.000 	 0.000 	 0.000 	 0.000 	 0.000 	 0.000 	 0.000 	 0.000 	 0.000 	 0.000 	 0.000 	 0.000 	 0.000 	 0.000 	 0.000 	 0.000 	 0.000 	-0.000 	-0.000 	 0.000 	-0.001 	 0.005 	-0.025 	 0.080 	-0.145 	 0.074 	 0.249 	 0.000 	 0.000 	 0.000 	 0.000 	 0.000 	 0.000 	 0.000 	 0.000 	 0.000 	 0.000 	 0.000 	 0.000 	 0.000 	 0.000 	 0.000 	 0.000 	 0.000 	 0.000 	 0.000 	 0.000 	 0.000 	 0.000 	 0.000 	 0.000 	 0.000 	 0.000 	 0.000 	 0.000 	 0.000 	
 0.000 	 0.000 	 0.000 	 0.000 	 0.000 	 0.000 	 0.000 	 0.000 	 0.000 	 0.000 	 0.000 	 0.000 	 0.000 	 0.000 	 0.000 	 0.000 	 0.000 	 0.000 	 0.000 	 0.000 	 0.000 	 0.000 	-0.000 	 0.000 	 0.000 	-0.003 	 0.016 	-0.024 	-0.054 	 0.189 	 0.000 	 0.000 	 0.000 	 0.000 	 0.000 	 0.000 	 0.000 	 0.000 	 0.000 	 0.000 	 0.000 	 0.000 	 0.000 	 0.000 	 0.000 	 0.000 	 0.000 	 0.000 	 0.000 	 0.000 	 0.000 	 0.000 	 0.000 	 0.000 	 0.000 	 0.000 	 0.000 	 0.000 	 0.000 	 0.000 	
 0.000 	 0.000 	 0.000 	 0.000 	 0.000 	 0.000 	 0.000 	 0.000 	 0.000 	 0.000 	 0.000 	 0.000 	 0.000 	 0.000 	 0.000 	 0.000 	 0.000 	 0.000 	 0.000 	 0.000 	 0.000 	-0.000 	 0.000 	-0.000 	 0.004 	-0.017 	 0.054 	-0.115 	 0.131 	 0.000 	 0.000 	 0.000 	 0.000 	 0.000 	 0.000 	 0.000 	 0.000 	 0.000 	 0.000 	 0.000 	 0.000 	 0.000 	 0.000 	 0.000 	 0.000 	 0.000 	 0.000 	 0.000 	 0.000 	 0.000 	 0.000 	 0.000 	 0.000 	 0.000 	 0.000 	 0.000 	 0.000 	 0.000 	 0.000 	 0.000 	
 0.000 	 0.000 	 0.000 	 0.000 	 0.000 	 0.000 	 0.000 	 0.000 	 0.000 	 0.000 	 0.000 	 0.000 	 0.000 	 0.000 	 0.000 	 0.000 	 0.000 	 0.000 	 0.000 	 0.000 	 0.000 	 0.000 	-0.000 	 0.001 	-0.008 	 0.031 	-0.070 	 0.069 	 0.000 	 0.000 	 0.000 	 0.000 	 0.000 	 0.000 	 0.000 	 0.000 	 0.000 	 0.000 	 0.000 	 0.000 	 0.000 	 0.000 	 0.000 	 0.000 	 0.000 	 0.000 	 0.000 	 0.000 	 0.000 	 0.000 	 0.000 	 0.000 	 0.000 	 0.000 	 0.000 	 0.000 	 0.000 	 0.000 	 0.000 	 0.000 	
 0.000 	 0.000 	 0.000 	 0.000 	 0.000 	 0.000 	 0.000 	 0.000 	 0.000 	 0.000 	 0.000 	 0.000 	 0.000 	 0.000 	 0.000 	 0.000 	 0.000 	 0.000 	 0.000 	 0.000 	 0.000 	-0.000 	 0.000 	-0.001 	 0.007 	-0.020 	 0.023 	 0.000 	 0.000 	 0.000 	 0.000 	 0.000 	 0.000 	 0.000 	 0.000 	 0.000 	 0.000 	 0.000 	 0.000 	 0.000 	 0.000 	 0.000 	 0.000 	 0.000 	 0.000 	 0.000 	 0.000 	 0.000 	 0.000 	 0.000 	 0.000 	 0.000 	 0.000 	 0.000 	 0.000 	 0.000 	 0.000 	 0.000 	 0.000 	 0.000 	
 0.000 	 0.000 	 0.000 	 0.000 	 0.000 	 0.000 	 0.000 	 0.000 	 0.000 	 0.000 	 0.000 	 0.000 	 0.000 	 0.000 	 0.000 	 0.000 	 0.000 	 0.000 	 0.000 	 0.000 	 0.000 	 0.000 	-0.000 	 0.001 	-0.003 	 0.005 	 0.000 	 0.000 	 0.000 	 0.000 	 0.000 	 0.000 	 0.000 	 0.000 	 0.000 	 0.000 	 0.000 	 0.000 	 0.000 	 0.000 	 0.000 	 0.000 	 0.000 	 0.000 	 0.000 	 0.000 	 0.000 	 0.000 	 0.000 	 0.000 	 0.000 	 0.000 	 0.000 	 0.000 	 0.000 	 0.000 	 0.000 	 0.000 	 0.000 	 0.000 	
 0.000 	 0.000 	 0.000 	 0.000 	 0.000 	 0.000 	 0.000 	 0.000 	 0.000 	 0.000 	 0.000 	 0.000 	 0.000 	 0.000 	 0.000 	 0.000 	 0.000 	 0.000 	 0.000 	 0.000 	 0.000 	-0.000 	 0.000 	-0.000 	 0.001 	 0.000 	 0.000 	 0.000 	 0.000 	 0.000 	 0.000 	 0.000 	 0.000 	 0.000 	 0.000 	 0.000 	 0.000 	 0.000 	 0.000 	 0.000 	 0.000 	 0.000 	 0.000 	 0.000 	 0.000 	 0.000 	 0.000 	 0.000 	 0.000 	 0.000 	 0.000 	 0.000 	 0.000 	 0.000 	 0.000 	 0.000 	 0.000 	 0.000 	 0.000 	 0.000 	
 0.000 	 0.000 	 0.000 	 0.000 	 0.000 	 0.000 	 0.000 	 0.000 	 0.000 	 0.000 	 0.000 	 0.000 	 0.000 	 0.000 	 0.000 	 0.000 	 0.000 	 0.000 	 0.000 	 0.000 	 0.000 	 0.000 	-0.000 	 0.000 	 0.000 	 0.000 	 0.000 	 0.000 	 0.000 	 0.000 	 0.000 	 0.000 	 0.000 	 0.000 	 0.000 	 0.000 	 0.000 	 0.000 	 0.000 	 0.000 	 0.000 	 0.000 	 0.000 	 0.000 	 0.000 	 0.000 	 0.000 	 0.000 	 0.000 	 0.000 	 0.000 	 0.000 	 0.000 	 0.000 	 0.000 	 0.000 	 0.000 	 0.000 	 0.000 	 0.000 	
 0.000 	 0.000 	 0.000 	 0.000 	 0.000 	 0.000 	 0.000 	 0.000 	 0.000 	 0.000 	 0.000 	 0.000 	 0.000 	 0.000 	 0.000 	 0.000 	 0.000 	 0.000 	 0.000 	 0.000 	 0.000 	-0.000 	 0.000 	 0.000 	 0.000 	 0.000 	 0.000 	 0.000 	 0.000 	 0.000 	 0.000 	 0.000 	 0.000 	 0.000 	 0.000 	 0.000 	 0.000 	 0.000 	 0.000 	 0.000 	 0.000 	 0.000 	 0.000 	 0.000 	 0.000 	 0.000 	 0.000 	 0.000 	 0.000 	 0.000 	 0.000 	 0.000 	 0.000 	 0.000 	 0.000 	 0.000 	 0.000 	 0.000 	 0.000 	 0.000 	
 0.000 	 0.000 	 0.000 	 0.000 	 0.000 	 0.000 	 0.000 	 0.000 	 0.000 	 0.000 	 0.000 	 0.000 	 0.000 	 0.000 	 0.000 	 0.000 	 0.000 	 0.000 	 0.000 	 0.000 	 0.000 	 0.000 	 0.000 	 0.000 	 0.000 	 0.000 	 0.000 	 0.000 	 0.000 	 0.000 	 0.000 	 0.000 	 0.000 	 0.000 	 0.000 	 0.000 	 0.000 	 0.000 	 0.000 	 0.000 	 0.000 	 0.000 	 0.000 	 0.000 	 0.000 	 0.000 	 0.000 	 0.000 	 0.000 	 0.000 	 0.000 	 0.000 	 0.000 	 0.000 	 0.000 	 0.000 	 0.000 	 0.000 	 0.000 	 0.000 	
 0.000 	 0.000 	 0.000 	 0.000 	 0.000 	 0.000 	 0.000 	 0.000 	 0.000 	 0.000 	 0.000 	 0.000 	 0.000 	 0.000 	 0.000 	 0.000 	 0.000 	 0.000 	 0.000 	 0.000 	 0.000 	 0.000 	 0.000 	 0.000 	 0.000 	 0.000 	 0.000 	 0.000 	 0.000 	 0.000 	 0.000 	 0.000 	 0.000 	 0.000 	 0.000 	 0.000 	 0.000 	 0.000 	 0.000 	 0.000 	 0.000 	 0.000 	 0.000 	 0.000 	 0.000 	 0.000 	 0.000 	 0.000 	 0.000 	 0.000 	 0.000 	 0.000 	 0.000 	 0.000 	 0.000 	 0.000 	 0.000 	 0.000 	 0.000 	 0.000 	
 0.000 	 0.000 	 0.000 	 0.000 	 0.000 	 0.000 	 0.000 	 0.000 	 0.000 	 0.000 	 0.000 	 0.000 	 0.000 	 0.000 	 0.000 	 0.000 	 0.000 	 0.000 	 0.000 	 0.000 	 0.000 	 0.000 	 0.000 	 0.000 	 0.000 	 0.000 	 0.000 	 0.000 	 0.000 	 0.000 	 0.000 	 0.000 	 0.000 	 0.000 	 0.000 	 0.000 	 0.000 	 0.000 	 0.000 	 0.000 	 0.000 	 0.000 	 0.000 	 0.000 	 0.000 	 0.000 	 0.000 	 0.000 	 0.000 	 0.000 	 0.000 	 0.000 	 0.000 	 0.000 	 0.000 	 0.000 	 0.000 	 0.000 	 0.000 	 0.000 	
 0.000 	 0.000 	 0.000 	 0.000 	 0.000 	 0.000 	 0.000 	 0.000 	 0.000 	 0.000 	 0.000 	 0.000 	 0.000 	 0.000 	 0.000 	 0.000 	 0.000 	 0.000 	 0.000 	 0.000 	 0.000 	 0.000 	 0.000 	 0.000 	 0.000 	 0.000 	 0.000 	 0.000 	 0.000 	 0.000 	 0.000 	 0.000 	 0.000 	 0.000 	 0.000 	 0.000 	 0.000 	 0.000 	 0.000 	 0.000 	 0.000 	 0.000 	 0.000 	 0.000 	 0.000 	 0.000 	 0.000 	 0.000 	 0.000 	 0.000 	 0.000 	 0.000 	 0.000 	 0.000 	 0.000 	 0.000 	 0.000 	 0.000 	 0.000 	 0.000 	
 0.000 	 0.000 	 0.000 	 0.000 	 0.000 	 0.000 	 0.000 	 0.000 	 0.000 	 0.000 	 0.000 	 0.000 	 0.000 	 0.000 	 0.000 	 0.000 	 0.000 	 0.000 	 0.000 	 0.000 	 0.000 	 0.000 	 0.000 	 0.000 	 0.000 	 0.000 	 0.000 	 0.000 	 0.000 	 0.000 	 0.000 	 0.000 	 0.000 	 0.000 	 0.000 	 0.000 	 0.000 	 0.000 	 0.000 	 0.000 	 0.000 	 0.000 	 0.000 	 0.000 	 0.000 	 0.000 	 0.000 	 0.000 	 0.000 	 0.000 	 0.000 	 0.000 	 0.000 	 0.000 	 0.000 	 0.000 	 0.000 	 0.000 	 0.000 	 0.000 	
 0.000 	 0.000 	 0.000 	 0.000 	 0.000 	 0.000 	 0.000 	 0.000 	 0.000 	 0.000 	 0.000 	 0.000 	 0.000 	 0.000 	 0.000 	 0.000 	 0.000 	 0.000 	 0.000 	 0.000 	 0.000 	 0.000 	 0.000 	 0.000 	 0.000 	 0.000 	 0.000 	 0.000 	 0.000 	 0.000 	 0.000 	 0.000 	 0.000 	 0.000 	 0.000 	 0.000 	 0.000 	 0.000 	 0.000 	 0.000 	 0.000 	 0.000 	 0.000 	 0.000 	 0.000 	 0.000 	 0.000 	 0.000 	 0.000 	 0.000 	 0.000 	 0.000 	 0.000 	 0.000 	 0.000 	 0.000 	 0.000 	 0.000 	 0.000 	 0.000 	
 0.000 	 0.000 	 0.000 	 0.000 	 0.000 	 0.000 	 0.000 	 0.000 	 0.000 	 0.000 	 0.000 	 0.000 	 0.000 	 0.000 	 0.000 	 0.000 	 0.000 	 0.000 	 0.000 	 0.000 	 0.000 	 0.000 	 0.000 	 0.000 	 0.000 	 0.000 	 0.000 	 0.000 	 0.000 	 0.000 	 0.000 	 0.000 	 0.000 	 0.000 	 0.000 	 0.000 	 0.000 	 0.000 	 0.000 	 0.000 	 0.000 	 0.000 	 0.000 	 0.000 	 0.000 	 0.000 	 0.000 	 0.000 	 0.000 	 0.000 	 0.000 	 0.000 	 0.000 	 0.000 	 0.000 	 0.000 	 0.000 	 0.000 	 0.000 	 0.000 	
 0.000 	 0.000 	 0.000 	 0.000 	 0.000 	 0.000 	 0.000 	 0.000 	 0.000 	 0.000 	 0.000 	 0.000 	 0.000 	 0.000 	 0.000 	 0.000 	 0.000 	 0.000 	 0.000 	 0.000 	 0.000 	 0.000 	 0.000 	 0.000 	 0.000 	 0.000 	 0.000 	 0.000 	 0.000 	 0.000 	 0.000 	 0.000 	 0.000 	 0.000 	 0.000 	 0.000 	 0.000 	 0.000 	 0.000 	 0.000 	 0.000 	 0.000 	 0.000 	 0.000 	 0.000 	 0.000 	 0.000 	 0.000 	 0.000 	 0.000 	 0.000 	 0.000 	 0.000 	 0.000 	 0.000 	 0.000 	 0.000 	 0.000 	 0.000 	 0.000 	
 0.000 	 0.000 	 0.000 	 0.000 	 0.000 	 0.000 	 0.000 	 0.000 	 0.000 	 0.000 	 0.000 	 0.000 	 0.000 	 0.000 	 0.000 	 0.000 	 0.000 	 0.000 	 0.000 	 0.000 	 0.000 	 0.000 	 0.000 	 0.000 	 0.000 	 0.000 	 0.000 	 0.000 	 0.000 	 0.000 	 0.000 	 0.000 	 0.000 	 0.000 	 0.000 	 0.000 	 0.000 	 0.000 	 0.000 	 0.000 	 0.000 	 0.000 	 0.000 	 0.000 	 0.000 	 0.000 	 0.000 	 0.000 	 0.000 	 0.000 	 0.000 	 0.000 	 0.000 	 0.000 	 0.000 	 0.000 	 0.000 	 0.000 	 0.000 	 0.000 	
 0.000 	 0.000 	 0.000 	 0.000 	 0.000 	 0.000 	 0.000 	 0.000 	 0.000 	 0.000 	 0.000 	 0.000 	 0.000 	 0.000 	 0.000 	 0.000 	 0.000 	 0.000 	 0.000 	 0.000 	 0.000 	 0.000 	 0.000 	 0.000 	 0.000 	 0.000 	 0.000 	 0.000 	 0.000 	 0.000 	 0.000 	 0.000 	 0.000 	 0.000 	 0.000 	 0.000 	 0.000 	 0.000 	 0.000 	 0.000 	 0.000 	 0.000 	 0.000 	 0.000 	 0.000 	 0.000 	 0.000 	 0.000 	 0.000 	 0.000 	 0.000 	 0.000 	 0.000 	 0.000 	 0.000 	 0.000 	 0.000 	 0.000 	 0.000 	 0.000 	
 0.000 	 0.000 	 0.000 	 0.000 	 0.000 	 0.000 	 0.000 	 0.000 	 0.000 	 0.000 	 0.000 	 0.000 	 0.000 	 0.000 	 0.000 	 0.000 	 0.000 	 0.000 	 0.000 	 0.000 	 0.000 	 0.000 	 0.000 	 0.000 	 0.000 	 0.000 	 0.000 	 0.000 	 0.000 	 0.000 	 0.000 	 0.000 	 0.000 	 0.000 	 0.000 	 0.000 	 0.000 	 0.000 	 0.000 	 0.000 	 0.000 	 0.000 	 0.000 	 0.000 	 0.000 	 0.000 	 0.000 	 0.000 	 0.000 	 0.000 	 0.000 	 0.000 	 0.000 	 0.000 	 0.000 	 0.000 	 0.000 	 0.000 	 0.000 	 0.000 	
 0.000 	 0.000 	 0.000 	 0.000 	 0.000 	 0.000 	 0.000 	 0.000 	 0.000 	 0.000 	 0.000 	 0.000 	 0.000 	 0.000 	 0.000 	 0.000 	 0.000 	 0.000 	 0.000 	 0.000 	 0.000 	 0.000 	 0.000 	 0.000 	 0.000 	 0.000 	 0.000 	 0.000 	 0.000 	 0.000 	 0.000 	 0.000 	 0.000 	 0.000 	 0.000 	 0.000 	 0.000 	 0.000 	 0.000 	 0.000 	 0.000 	 0.000 	 0.000 	 0.000 	 0.000 	 0.000 	 0.000 	 0.000 	 0.000 	 0.000 	 0.000 	 0.000 	 0.000 	 0.000 	 0.000 	 0.000 	 0.000 	 0.000 	 0.000 	 0.000 	
 0.000 	 0.000 	 0.000 	 0.000 	 0.000 	 0.000 	 0.000 	 0.000 	 0.000 	 0.000 	 0.000 	 0.000 	 0.000 	 0.000 	 0.000 	 0.000 	 0.000 	 0.000 	 0.000 	 0.000 	 0.000 	 0.000 	 0.000 	 0.000 	 0.000 	 0.000 	 0.000 	 0.000 	 0.000 	 0.000 	 0.000 	 0.000 	 0.000 	 0.000 	 0.000 	 0.000 	 0.000 	 0.000 	 0.000 	 0.000 	 0.000 	 0.000 	 0.000 	 0.000 	 0.000 	 0.000 	 0.000 	 0.000 	 0.000 	 0.000 	 0.000 	 0.000 	 0.000 	 0.000 	 0.000 	 0.000 	 0.000 	 0.000 	 0.000 	 0.000 	
 0.000 	 0.000 	 0.000 	 0.000 	 0.000 	 0.000 	 0.000 	 0.000 	 0.000 	 0.000 	 0.000 	 0.000 	 0.000 	 0.000 	 0.000 	 0.000 	 0.000 	 0.000 	 0.000 	 0.000 	 0.000 	 0.000 	 0.000 	 0.000 	 0.000 	 0.000 	 0.000 	 0.000 	 0.000 	 0.000 	 0.000 	 0.000 	 0.000 	 0.000 	 0.000 	 0.000 	 0.000 	 0.000 	 0.000 	 0.000 	 0.000 	 0.000 	 0.000 	 0.000 	 0.000 	 0.000 	 0.000 	 0.000 	 0.000 	 0.000 	 0.000 	 0.000 	 0.000 	 0.000 	 0.000 	 0.000 	 0.000 	 0.000 	 0.000 	 0.000 	
 0.000 	 0.000 	 0.000 	 0.000 	 0.000 	 0.000 	 0.000 	 0.000 	 0.000 	 0.000 	 0.000 	 0.000 	 0.000 	 0.000 	 0.000 	 0.000 	 0.000 	 0.000 	 0.000 	 0.000 	 0.000 	 0.000 	 0.000 	 0.000 	 0.000 	 0.000 	 0.000 	 0.000 	 0.000 	 0.000 	 0.000 	 0.000 	 0.000 	 0.000 	 0.000 	 0.000 	 0.000 	 0.000 	 0.000 	 0.000 	 0.000 	 0.000 	 0.000 	 0.000 	 0.000 	 0.000 	 0.000 	 0.000 	 0.000 	 0.000 	 0.000 	 0.000 	 0.000 	 0.000 	 0.000 	 0.000 	 0.000 	 0.000 	 0.000 	 0.000 	
 0.000 	 0.000 	 0.000 	 0.000 	 0.000 	 0.000 	 0.000 	 0.000 	 0.000 	 0.000 	 0.000 	 0.000 	 0.000 	 0.000 	 0.000 	 0.000 	 0.000 	 0.000 	 0.000 	 0.000 	 0.000 	 0.000 	 0.000 	 0.000 	 0.000 	 0.000 	 0.000 	 0.000 	 0.000 	 0.000 	 0.000 	 0.000 	 0.000 	 0.000 	 0.000 	 0.000 	 0.000 	 0.000 	 0.000 	 0.000 	 0.000 	 0.000 	 0.000 	 0.000 	 0.000 	 0.000 	 0.000 	 0.000 	 0.000 	 0.000 	 0.000 	 0.000 	 0.000 	 0.000 	 0.000 	 0.000 	 0.000 	 0.000 	 0.000 	 0.000 	
 0.000 	 0.000 	 0.000 	 0.000 	 0.000 	 0.000 	 0.000 	 0.000 	 0.000 	 0.000 	 0.000 	 0.000 	 0.000 	 0.000 	 0.000 	 0.000 	 0.000 	 0.000 	 0.000 	 0.000 	 0.000 	 0.000 	 0.000 	 0.000 	 0.000 	 0.000 	 0.000 	 0.000 	 0.000 	 0.000 	 0.000 	 0.000 	 0.000 	 0.000 	 0.000 	 0.000 	 0.000 	 0.000 	 0.000 	 0.000 	 0.000 	 0.000 	 0.000 	 0.000 	 0.000 	 0.000 	 0.000 	 0.000 	 0.000 	 0.000 	 0.000 	 0.000 	 0.000 	 0.000 	 0.000 	 0.000 	 0.000 	 0.000 	 0.000 	 0.000 	
 0.000 	 0.000 	 0.000 	 0.000 	 0.000 	 0.000 	 0.000 	 0.000 	 0.000 	 0.000 	 0.000 	 0.000 	 0.000 	 0.000 	 0.000 	 0.000 	 0.000 	 0.000 	 0.000 	 0.000 	 0.000 	 0.000 	 0.000 	 0.000 	 0.000 	 0.000 	 0.000 	 0.000 	 0.000 	 0.000 	 0.000 	 0.000 	 0.000 	 0.000 	 0.000 	 0.000 	 0.000 	 0.000 	 0.000 	 0.000 	 0.000 	 0.000 	 0.000 	 0.000 	 0.000 	 0.000 	 0.000 	 0.000 	 0.000 	 0.000 	 0.000 	 0.000 	 0.000 	 0.000 	 0.000 	 0.000 	 0.000 	 0.000 	 0.000 	 0.000 	
 0.000 	 0.000 	 0.000 	 0.000 	 0.000 	 0.000 	 0.000 	 0.000 	 0.000 	 0.000 	 0.000 	 0.000 	 0.000 	 0.000 	 0.000 	 0.000 	 0.000 	 0.000 	 0.000 	 0.000 	 0.000 	 0.000 	 0.000 	 0.000 	 0.000 	 0.000 	 0.000 	 0.000 	 0.000 	 0.000 	 0.000 	 0.000 	 0.000 	 0.000 	 0.000 	 0.000 	 0.000 	 0.000 	 0.000 	 0.000 	 0.000 	 0.000 	 0.000 	 0.000 	 0.000 	 0.000 	 0.000 	 0.000 	 0.000 	 0.000 	 0.000 	 0.000 	 0.000 	 0.000 	 0.000 	 0.000 	 0.000 	 0.000 	 0.000 	 0.000 	
 0.000 	 0.000 	 0.000 	 0.000 	 0.000 	 0.000 	 0.000 	 0.000 	 0.000 	 0.000 	 0.000 	 0.000 	 0.000 	 0.000 	 0.000 	 0.000 	 0.000 	 0.000 	 0.000 	 0.000 	 0.000 	 0.000 	 0.000 	 0.000 	 0.000 	 0.000 	 0.000 	 0.000 	 0.000 	 0.000 	 0.000 	 0.000 	 0.000 	 0.000 	 0.000 	 0.000 	 0.000 	 0.000 	 0.000 	 0.000 	 0.000 	 0.000 	 0.000 	 0.000 	 0.000 	 0.000 	 0.000 	 0.000 	 0.000 	 0.000 	 0.000 	 0.000 	 0.000 	 0.000 	 0.000 	 0.000 	 0.000 	 0.000 	 0.000 	 0.000 	
 0.000 	 0.000 	 0.000 	 0.000 	 0.000 	 0.000 	 0.000 	 0.000 	 0.000 	 0.000 	 0.000 	 0.000 	 0.000 	 0.000 	 0.000 	 0.000 	 0.000 	 0.000 	 0.000 	 0.000 	 0.000 	 0.000 	 0.000 	 0.000 	 0.000 	 0.000 	 0.000 	 0.000 	 0.000 	 0.000 	 0.000 	 0.000 	 0.000 	 0.000 	 0.000 	 0.000 	 0.000 	 0.000 	 0.000 	 0.000 	 0.000 	 0.000 	 0.000 	 0.000 	 0.000 	 0.000 	 0.000 	 0.000 	 0.000 	 0.000 	 0.000 	 0.000 	 0.000 	 0.000 	 0.000 	 0.000 	 0.000 	 0.000 	 0.000 	 0.000 	
